# Hey
-0.17000000000000001221
-0.08000000000000000167
-0.11000000000000000056
-0.17999999999999999334
-0.28999999999999998002
-0.33000000000000001554
-0.30999999999999999778
-0.35999999999999998668
-0.17000000000000001221
-0.10000000000000000555
-0.34999999999999997780
-0.22000000000000000111
-0.27000000000000001776
-0.30999999999999999778
-0.29999999999999998890
-0.22000000000000000111
-0.11000000000000000056
-0.11000000000000000056
-0.27000000000000001776
-0.17999999999999999334
-0.08000000000000000167
-0.16000000000000000333
-0.28999999999999998002
-0.38000000000000000444
-0.47999999999999998224
-0.27000000000000001776
-0.23000000000000000999
-0.40000000000000002220
-0.42999999999999999334
-0.48999999999999999112
-0.44000000000000000222
-0.45000000000000001110
-0.36999999999999999556
-0.34999999999999997780
-0.16000000000000000333
-0.14999999999999999445
-0.35999999999999998668
-0.46999999999999997335
-0.30999999999999999778
-0.28999999999999998002
-0.28000000000000002665
-0.20000000000000001110
-0.28999999999999998002
-0.27000000000000001776
-0.28000000000000002665
-0.23000000000000000999
-0.11999999999999999556
-0.22000000000000000111
-0.20999999999999999223
-0.36999999999999999556
-0.16000000000000000333
-0.10000000000000000555
-0.16000000000000000333
-0.28999999999999998002
-0.13000000000000000444
-0.20999999999999999223
-0.14999999999999999445
-0.02999999999999999889
-0.01000000000000000021
-0.02000000000000000042
0.11999999999999999556
0.17999999999999999334
0.05999999999999999778
0.08000000000000000167
0.20000000000000001110
0.08999999999999999667
-0.08000000000000000167
-0.02999999999999999889
-0.11000000000000000056
-0.11000000000000000056
-0.17999999999999999334
-0.07000000000000000666
0.01000000000000000021
0.08000000000000000167
-0.13000000000000000444
-0.14000000000000001332
-0.19000000000000000222
0.04000000000000000083
0.05999999999999999778
0.02999999999999999889
-0.02000000000000000042
0.05999999999999999778
0.04000000000000000083
0.05000000000000000278
-0.20000000000000001110
-0.11000000000000000056
-0.05999999999999999778
-0.02000000000000000042
-0.08000000000000000167
0.05999999999999999778
0.02999999999999999889
-0.08000000000000000167
0.01000000000000000021
0.16000000000000000333
-0.07000000000000000666
-0.01000000000000000021
-0.10000000000000000555
0.17999999999999999334
0.07000000000000000666
0.17000000000000001221
0.26000000000000000888
0.32000000000000000666
0.14000000000000001332
0.30999999999999999778
0.16000000000000000333
0.11999999999999999556
0.17999999999999999334
0.32000000000000000666
0.39000000000000001332
0.27000000000000001776
0.45000000000000001110
0.40999999999999997558
0.22000000000000000111
0.23000000000000000999
0.32000000000000000666
0.45000000000000001110
0.33000000000000001554
0.46999999999999997335
0.60999999999999998668
0.39000000000000001332
0.40000000000000002220
0.54000000000000003553
0.63000000000000000444
0.63000000000000000444
0.54000000000000003553
0.68000000000000004885
0.64000000000000001332
0.67000000000000003997
0.55000000000000004441
0.66000000000000003109
0.72999999999999998224
0.60999999999999998668
0.65000000000000002220
0.68999999999999994671
0.75000000000000000000
0.90000000000000002220
1.02000000000000001776
0.93000000000000004885
0.84999999999999997780
-0.28999999999999998002
-0.17000000000000001221
-0.20000000000000001110
-0.28000000000000002665
-0.42999999999999999334
-0.41999999999999998446
-0.41999999999999998446
-0.41999999999999998446
-0.22000000000000000111
-0.17000000000000001221
-0.38000000000000000444
-0.25000000000000000000
-0.38000000000000000444
-0.46999999999999997335
-0.36999999999999999556
-0.28999999999999998002
-0.17999999999999999334
-0.14999999999999999445
-0.26000000000000000888
-0.20000000000000001110
-0.07000000000000000666
-0.11999999999999999556
-0.33000000000000001554
-0.36999999999999999556
-0.46999999999999997335
-0.28000000000000002665
-0.23000000000000000999
-0.46999999999999997335
-0.45000000000000001110
-0.48999999999999999112
-0.44000000000000000222
-0.41999999999999998446
-0.46000000000000001998
-0.41999999999999998446
-0.19000000000000000222
-0.14000000000000001332
-0.41999999999999998446
-0.57999999999999996003
-0.40000000000000002220
-0.34999999999999997780
-0.29999999999999998890
-0.11000000000000000056
-0.27000000000000001776
-0.22000000000000000111
-0.19000000000000000222
-0.14000000000000001332
0.01000000000000000021
-0.13000000000000000444
-0.10000000000000000555
-0.34000000000000002442
-0.02000000000000000042
0.05000000000000000278
-0.05000000000000000278
-0.26000000000000000888
0.00000000000000000000
-0.10000000000000000555
-0.04000000000000000083
0.11999999999999999556
0.16000000000000000333
0.08999999999999999667
0.17000000000000001221
0.23000000000000000999
0.13000000000000000444
0.17999999999999999334
0.27000000000000001776
0.10000000000000000555
0.02000000000000000042
0.08000000000000000167
-0.02000000000000000042
-0.02999999999999999889
-0.14999999999999999445
0.04000000000000000083
0.05999999999999999778
0.23999999999999999112
-0.02000000000000000042
-0.08999999999999999667
-0.23000000000000000999
0.04000000000000000083
0.14999999999999999445
0.11999999999999999556
0.08000000000000000167
0.08000000000000000167
0.13000000000000000444
0.14000000000000001332
-0.19000000000000000222
-0.14000000000000001332
-0.02000000000000000042
0.02999999999999999889
-0.07000000000000000666
-0.02999999999999999889
-0.04000000000000000083
-0.14999999999999999445
-0.17000000000000001221
0.10000000000000000555
-0.17999999999999999334
-0.05000000000000000278
-0.20000000000000001110
0.11999999999999999556
0.02000000000000000042
0.08999999999999999667
0.17000000000000001221
0.36999999999999999556
0.05999999999999999778
0.25000000000000000000
0.04000000000000000083
0.00000000000000000000
0.14000000000000001332
0.25000000000000000000
0.36999999999999999556
0.27000000000000001776
0.53000000000000002665
0.40999999999999997558
0.14000000000000001332
0.19000000000000000222
0.38000000000000000444
0.57999999999999996003
0.27000000000000001776
0.52000000000000001776
0.70999999999999996447
0.48999999999999999112
0.50000000000000000000
0.64000000000000001332
0.71999999999999997335
0.75000000000000000000
0.66000000000000003109
0.85999999999999998668
0.81999999999999995115
0.85999999999999998668
0.68999999999999994671
0.72999999999999998224
0.91000000000000003109
0.75000000000000000000
0.81999999999999995115
0.81000000000000005329
0.92000000000000003997
1.17999999999999993783
1.31000000000000005329
1.17999999999999993783
1.04000000000000003553
-0.05000000000000000278
-0.01000000000000000021
-0.02000000000000000042
-0.07000000000000000666
-0.14999999999999999445
-0.25000000000000000000
-0.20999999999999999223
-0.28999999999999998002
-0.13000000000000000444
-0.05000000000000000278
-0.33000000000000001554
-0.20000000000000001110
-0.16000000000000000333
-0.16000000000000000333
-0.23000000000000000999
-0.16000000000000000333
-0.04000000000000000083
-0.07000000000000000666
-0.28000000000000002665
-0.16000000000000000333
-0.08000000000000000167
-0.20000000000000001110
-0.23999999999999999112
-0.38000000000000000444
-0.47999999999999998224
-0.23999999999999999112
-0.23000000000000000999
-0.32000000000000000666
-0.41999999999999998446
-0.48999999999999999112
-0.44000000000000000222
-0.46999999999999997335
-0.26000000000000000888
-0.28000000000000002665
-0.13000000000000000444
-0.14999999999999999445
-0.32000000000000000666
-0.36999999999999999556
-0.20999999999999999223
-0.22000000000000000111
-0.26000000000000000888
-0.28000000000000002665
-0.30999999999999999778
-0.32000000000000000666
-0.36999999999999999556
-0.30999999999999999778
-0.23000000000000000999
-0.29999999999999998890
-0.29999999999999998890
-0.39000000000000001332
-0.29999999999999998890
-0.22000000000000000111
-0.27000000000000001776
-0.33000000000000001554
-0.27000000000000001776
-0.30999999999999999778
-0.27000000000000001776
-0.19000000000000000222
-0.19000000000000000222
-0.14000000000000001332
0.08000000000000000167
0.16000000000000000333
0.00000000000000000000
-0.02000000000000000042
0.13000000000000000444
0.08000000000000000167
-0.17999999999999999334
-0.14000000000000001332
-0.20999999999999999223
-0.20000000000000001110
-0.20999999999999999223
-0.19000000000000000222
-0.04000000000000000083
-0.08000000000000000167
-0.26000000000000000888
-0.20999999999999999223
-0.16000000000000000333
0.05000000000000000278
-0.02000000000000000042
-0.05999999999999999778
-0.11999999999999999556
0.02999999999999999889
-0.05999999999999999778
-0.02999999999999999889
-0.20999999999999999223
-0.07000000000000000666
-0.08999999999999999667
-0.08000000000000000167
-0.08999999999999999667
0.14999999999999999445
0.08999999999999999667
-0.02000000000000000042
0.20000000000000001110
0.23000000000000000999
0.04000000000000000083
0.02000000000000000042
0.01000000000000000021
0.23999999999999999112
0.11999999999999999556
0.25000000000000000000
0.34999999999999997780
0.27000000000000001776
0.23000000000000000999
0.38000000000000000444
0.27000000000000001776
0.23000000000000000999
0.23999999999999999112
0.40999999999999997558
0.40000000000000002220
0.28000000000000002665
0.38000000000000000444
0.40000000000000002220
0.30999999999999999778
0.28000000000000002665
0.26000000000000000888
0.32000000000000000666
0.39000000000000001332
0.41999999999999998446
0.52000000000000001776
0.28999999999999998002
0.28999999999999998002
0.44000000000000000222
0.54000000000000003553
0.50000000000000000000
0.42999999999999999334
0.51000000000000000888
0.46999999999999997335
0.46999999999999997335
0.40999999999999997558
0.58999999999999996891
0.55000000000000004441
0.46999999999999997335
0.47999999999999998224
0.56999999999999995115
0.57999999999999996003
0.64000000000000001332
0.72999999999999998224
0.68000000000000004885
0.67000000000000003997
-0.13000000000000000444
0.10000000000000000555
-0.05000000000000000278
-0.16000000000000000333
-0.14999999999999999445
-0.11999999999999999556
-0.17999999999999999334
-0.28000000000000002665
0.11000000000000000056
0.08999999999999999667
-0.35999999999999998668
-0.07000000000000000666
-0.28000000000000002665
-0.35999999999999998668
-0.33000000000000001554
-0.05999999999999999778
0.11000000000000000056
0.17000000000000001221
-0.20999999999999999223
-0.11999999999999999556
0.17000000000000001221
-0.04000000000000000083
-0.04000000000000000083
-0.28999999999999998002
-0.46999999999999997335
-0.08999999999999999667
-0.20000000000000001110
-0.32000000000000000666
-0.45000000000000001110
-0.48999999999999999112
-0.50000000000000000000
-0.44000000000000000222
-0.19000000000000000222
-0.28999999999999998002
-0.08000000000000000167
-0.02000000000000000042
-0.46000000000000001998
-0.64000000000000001332
-0.34999999999999997780
-0.20999999999999999223
-0.27000000000000001776
-0.26000000000000000888
-0.33000000000000001554
-0.30999999999999999778
-0.26000000000000000888
-0.25000000000000000000
0.00000000000000000000
-0.16000000000000000333
-0.16000000000000000333
-0.28000000000000002665
-0.11999999999999999556
0.08000000000000000167
-0.17000000000000001221
-0.28999999999999998002
-0.26000000000000000888
-0.19000000000000000222
-0.14000000000000001332
-0.05999999999999999778
-0.23000000000000000999
-0.13000000000000000444
0.27000000000000001776
0.47999999999999998224
0.07000000000000000666
-0.08999999999999999667
0.17999999999999999334
0.16000000000000000333
-0.05999999999999999778
-0.07000000000000000666
-0.19000000000000000222
-0.19000000000000000222
-0.29999999999999998890
-0.07000000000000000666
0.01000000000000000021
0.07000000000000000666
-0.22000000000000000111
-0.34000000000000002442
-0.33000000000000001554
0.07000000000000000666
0.20000000000000001110
0.07000000000000000666
0.02000000000000000042
-0.04000000000000000083
-0.05000000000000000278
0.11000000000000000056
-0.14000000000000001332
-0.02999999999999999889
0.08000000000000000167
-0.14000000000000001332
-0.05999999999999999778
0.34000000000000002442
0.07000000000000000666
-0.26000000000000000888
0.17000000000000001221
0.19000000000000000222
-0.19000000000000000222
-0.23000000000000000999
-0.11000000000000000056
0.16000000000000000333
0.08000000000000000167
0.27000000000000001776
0.30999999999999999778
0.17999999999999999334
0.27000000000000001776
0.44000000000000000222
0.19000000000000000222
0.08999999999999999667
0.23000000000000000999
0.58999999999999996891
0.38000000000000000444
0.13000000000000000444
0.38000000000000000444
0.36999999999999999556
0.28999999999999998002
0.32000000000000000666
0.30999999999999999778
0.42999999999999999334
0.32000000000000000666
0.52000000000000001776
0.69999999999999995559
0.20999999999999999223
0.25000000000000000000
0.42999999999999999334
0.59999999999999997780
0.65000000000000002220
0.56000000000000005329
0.63000000000000000444
0.56000000000000005329
0.46999999999999997335
0.38000000000000000444
0.68999999999999994671
0.68999999999999994671
0.38000000000000000444
0.53000000000000002665
0.58999999999999996891
0.68000000000000004885
0.95999999999999996447
1.02000000000000001776
0.81999999999999995115
0.68000000000000004885
