time,observed_ozone_NIWA(DU),modeled_ozone(DU),tsi_impact(DU),halogen_impact(DU),aerosol_impact(DU),QBO_30mb_impact(DU),residual(DU)
Output created in ~tcanty/TOTAL_OZONE on Tue Nov  1 09:37:11 2016
 1979.042    9.250   7.406   0.058 -13.136  -0.098  -0.396   1.844
 1979.125    9.320   8.343   1.212 -13.183  -0.128  -0.537   0.977
 1979.208   10.610  10.310   2.791 -13.236  -0.109  -0.115   0.300
 1979.292   11.290   8.877   0.904 -13.283  -0.095   0.371   2.413
 1979.375   10.340  10.188   1.443 -13.336  -0.076   1.176   0.152
 1979.458    9.120   8.412  -0.674 -13.383  -0.084   1.573   0.708
 1979.542    8.150   9.885   0.904 -13.430  -0.090   1.522  -1.735
 1979.625    8.250   9.591   0.558 -13.477  -0.093   1.624  -1.341
 1979.708    8.730  10.079   0.943 -13.530  -0.103   1.790  -1.349
 1979.792    6.740  10.111   0.866 -13.578  -0.100   1.944  -3.371
 1979.875    7.720   9.297   0.135 -13.631  -0.104   1.918  -1.577
 1979.958    8.340  10.656   1.982 -13.679  -0.084   1.458  -2.316
 1980.042    9.550   9.840   1.828 -13.726  -0.098   0.857  -0.290
 1980.125    8.720   8.506   0.943 -13.774  -0.128   0.486   0.214
 1980.208    6.210   9.691   2.367 -13.828  -0.109   0.281  -3.481
 1980.292    6.590   6.478  -0.288 -13.875  -0.095  -0.243   0.112
 1980.375    7.440   6.483   0.327 -13.929  -0.076  -0.818   0.957
 1980.458    6.120   7.134   1.443 -13.977  -0.084  -1.228  -1.014
 1980.542    5.350   6.465   1.212 -14.025  -0.090  -1.611  -1.115
 1980.625    4.850   6.287   1.174 -14.073  -0.093  -1.701  -1.437
 1980.708    4.230   5.684   0.827 -14.127  -0.103  -1.892  -1.454
 1980.792    4.040   5.576   0.712 -14.175  -0.100  -1.841  -1.536
 1980.875    5.020   4.003  -0.982 -14.229  -0.104  -1.662   1.017
 1980.958    6.540   7.514   2.213 -14.276  -0.084  -1.317  -0.974
 1981.042    9.050   7.939   2.444 -14.324  -0.098  -1.061   1.111
 1981.125    7.420   6.386   0.712 -14.372  -0.128  -0.806   1.034
 1981.208    8.010   6.967   1.328 -14.426  -0.109  -0.806   1.043
 1981.292    8.090   8.114   2.560 -14.474  -0.095  -0.857  -0.024
 1981.375    8.840   7.257   1.366 -14.527  -0.076  -0.486   1.583
 1981.458    6.720   6.969   0.750 -14.575  -0.084  -0.102  -0.249
 1981.542    6.350   4.170  -1.944 -14.622  -0.090  -0.153   2.180
 1981.625    7.050   8.981   2.598 -14.669  -0.093   0.166  -1.931
 1981.708    7.630   7.955   1.482 -14.723  -0.103   0.320  -0.325
 1981.792    8.340   6.910   0.288 -14.770  -0.100   0.511   1.430
 1981.875    6.620   8.097   1.443 -14.823  -0.104   0.601  -1.477
 1981.958    7.040   8.132   1.136 -14.870  -0.084   0.972  -1.092
 1982.042    9.950   9.561   2.560 -14.917  -0.161   1.100   0.389
 1982.125   11.120   5.452  -1.790 -14.964  -0.206   1.432   5.668
 1982.208   10.810   5.684  -1.828 -15.017  -0.164   1.713   5.126
 1982.292    8.490   7.695   0.327 -15.063  -0.172   1.624   0.795
 1982.375    8.840   6.368   0.096 -15.116  -1.011   1.419   2.472
 1982.458    9.420   2.914  -3.022 -15.163  -1.070   1.189   6.506
 1982.542    7.450   3.968  -0.827 -15.209  -1.205   0.230   3.482
 1982.625    5.550   3.302  -0.674 -15.256  -1.211  -0.537   2.248
 1982.708    3.630   3.608   0.481 -15.308  -1.534  -1.010   0.022
 1982.792    3.340   3.412   0.904 -15.354  -1.775  -1.343  -0.072
 1982.875    3.420   2.375   0.135 -15.406  -1.939  -1.394   1.045
 1982.958    2.640   1.828  -0.635 -15.453  -1.683  -1.381   0.812
 1983.042    1.550   2.698   0.173 -15.499  -1.626  -1.330  -1.148
 1983.125    1.820   1.980  -0.597 -15.545  -1.566  -1.291  -0.160
 1983.208    1.210   2.079  -0.481 -15.597  -1.531  -1.291  -0.869
 1983.292    1.790   1.760  -0.674 -15.643  -1.470  -1.432   0.030
 1983.375    2.540   1.476  -1.059 -15.695  -1.343  -1.407   1.064
 1983.458    3.220   2.257  -0.982 -15.741  -1.206  -0.793   0.963
 1983.542    1.950   3.366  -0.327 -15.787  -1.154  -0.345  -1.416
 1983.625    1.750   4.256   0.173 -15.833  -1.051  -0.013  -2.506
 1983.708    2.930   3.907  -0.558 -15.885  -0.860   0.230  -0.977
 1983.792    2.540   3.548  -1.212 -15.931  -0.864   0.575  -1.008
 1983.875    0.520   3.827  -1.020 -15.982  -0.815   0.665  -3.307
 1983.958    3.340   3.828  -1.212 -16.028  -0.793   0.882  -0.488
 1984.042    5.350   1.440  -3.637 -16.074  -0.735   0.908   3.910
 1984.125    4.820   2.415  -2.752 -16.120  -0.766   1.074   2.405
 1984.208    4.010   4.633  -0.789 -16.171  -0.716   1.330  -0.623
 1984.292    4.390   2.470  -3.099 -16.217  -0.715   1.522   1.920
 1984.375    5.540   3.075  -2.290 -16.268  -0.752   1.407   2.465
 1984.458    3.920   4.195  -1.059 -16.314  -0.818   1.407  -0.275
 1984.542    3.650   4.733  -1.020 -16.360  -0.810   1.944  -1.083
 1984.625    3.950   4.495  -1.520 -16.405  -0.771   2.212  -0.545
 1984.708    4.430   3.868  -1.944 -16.457  -0.782   2.071   0.562
 1984.792    2.240   3.224  -2.252 -16.502  -0.766   1.765  -0.984
 1984.875    0.120   2.126  -2.675 -16.554  -0.596   0.972  -2.006
 1984.958    1.240   2.013  -2.367 -16.599  -0.537   0.537  -0.773
 1985.042   -0.850   0.614  -2.945 -16.645  -0.610  -0.166  -1.464
 1985.125   -0.880   0.644  -2.560 -16.690  -0.548  -0.537  -1.524
 1985.208   -2.890   0.260  -2.752 -16.741  -0.536  -0.690  -3.150
 1985.292   -2.310  -0.696  -3.329 -16.787  -0.408  -1.151  -1.614
 1985.375   -1.160  -0.674  -2.829 -16.838  -0.413  -1.573  -0.486
 1985.458   -1.880  -0.892  -2.598 -16.884  -0.471  -1.918  -0.988
 1985.542   -3.250  -1.088  -2.791 -16.929  -0.494  -1.854  -2.162
 1985.625   -3.450  -0.689  -2.406 -16.975  -0.433  -1.854  -2.761
 1985.708   -3.470  -0.916  -2.713 -17.026  -0.366  -1.790  -2.554
 1985.792   -2.960  -1.399  -3.252 -17.072  -0.340  -1.713  -1.561
 1985.875   -2.380  -0.907  -2.868 -17.123  -0.285  -1.611  -1.473
 1985.958   -1.360  -0.440  -2.675 -17.169  -0.233  -1.343  -0.920
 1986.042    0.450  -0.364  -2.713 -17.215  -0.303  -1.112   0.814
 1986.125    3.920  -0.898  -3.175 -17.261  -0.277  -1.164   4.818
 1986.208    1.010  -0.543  -2.675 -17.314  -0.255  -1.279   1.553
 1986.292   -0.310  -0.361  -2.791 -17.360  -0.244  -0.946   0.051
 1986.375   -0.360   0.243  -2.483 -17.413  -0.304  -0.537  -0.603
 1986.458   -0.280   0.179  -2.752 -17.460  -0.345  -0.243  -0.459
 1986.542   -0.950   0.180  -2.791 -17.507  -0.348  -0.153  -1.130
 1986.625   -0.250   0.424  -2.983 -17.555  -0.325   0.307  -0.674
 1986.708    0.430   0.543  -2.983 -17.608  -0.330   0.486  -0.113
 1986.792    1.740   0.680  -2.791 -17.656  -0.377   0.524   1.060
 1986.875   -0.380   0.816  -2.560 -17.711  -0.328   0.435  -1.196
 1986.958   -0.060   0.926  -2.713 -17.759  -0.374   0.793  -0.986
 1987.042   -1.250   0.832  -2.713 -17.808  -0.457   0.831  -2.082
 1987.125   -2.880   0.928  -2.752 -17.856  -0.517   1.074  -3.808
 1987.208    1.910   1.286  -2.713 -17.911  -0.526   1.458   0.624
 1987.292    3.390   1.371  -2.829 -17.960  -0.507   1.688   2.019
 1987.375    2.740   1.983  -2.367 -18.016  -0.532   1.918   0.757
 1987.458    2.220   2.070  -2.098 -18.065  -0.511   1.765   0.150
 1987.542    1.550   1.005  -2.136 -18.115  -0.478   0.754   0.545
 1987.625    1.250  -0.556  -2.252 -18.165  -0.480  -0.639   1.806
 1987.708    1.230  -0.892  -1.982 -18.221  -0.479  -1.189   2.122
 1987.792    2.240  -1.208  -2.021 -18.271  -0.438  -1.458   3.448
 1987.875    1.920  -0.636  -1.520 -18.327  -0.399  -1.368   2.556
 1987.958   -4.360  -0.247  -1.289 -18.378  -0.370  -1.189  -4.113
 1988.042   -2.750  -0.018  -1.251 -18.428  -0.308  -1.010  -2.732
 1988.125   -0.780   0.400  -1.020 -18.479  -0.339  -0.742  -1.180
 1988.208   -1.490  -0.017  -1.636 -18.536  -0.185  -0.639  -1.473
 1988.292   -1.910   0.425  -1.212 -18.587  -0.077  -0.678  -2.335
 1988.375    0.840   1.150  -0.288 -18.644  -0.168  -0.729  -0.310
 1988.458    1.020   0.169  -1.405 -18.695  -0.199  -0.511   0.851
 1988.542    0.650  -0.331  -2.098 -18.746  -0.172  -0.294   0.981
 1988.625    1.450   0.734  -0.866 -18.798  -0.159  -0.422   0.716
 1988.708    2.330   1.961   0.327 -18.855  -0.157  -0.332   0.369
 1988.792    2.340   0.588  -1.020 -18.907  -0.144  -0.320   1.752
 1988.875    0.120   1.297  -0.288 -18.965  -0.110  -0.320  -1.177
 1988.958    3.440   1.374  -0.443 -19.016  -0.095  -0.051   2.066
 1989.042    5.150   2.551   0.635 -19.068  -0.098   0.102   2.599
 1989.125    3.920   2.862   0.866 -19.120  -0.132   0.269   1.058
 1989.208    3.310   1.830   0.019 -19.178  -0.131   0.141   1.480
 1989.292    5.890   2.660   0.827 -19.230  -0.121   0.205   3.230
 1989.375    6.240   3.534   1.559 -19.289  -0.112   0.396   2.706
 1989.458    5.620   1.859  -0.173 -19.341  -0.118   0.511   3.761
 1989.542    5.450   4.877   2.675 -19.393  -0.126   0.742   0.573
 1989.625    5.750   3.002   0.520 -19.445  -0.126   1.074   2.748
 1989.708    6.930   2.298  -0.443 -19.504  -0.129   1.394   4.632
 1989.792    5.640   5.280   2.252 -19.556  -0.134   1.739   0.360
 1989.875    2.520   4.580   1.713 -19.615  -0.083   1.586  -2.060
 1989.958    3.440   4.277   1.944 -19.667  -0.079   1.100  -0.837
 1990.042    2.250   3.763   1.944 -19.720  -0.144   0.703  -1.513
 1990.125    0.620   2.681   1.020 -19.772  -0.147   0.601  -2.061
 1990.208    2.610   1.906   1.020 -19.831  -0.134  -0.128   0.704
 1990.292    3.490   2.304   1.905 -19.884  -0.108  -0.588   1.186
 1990.375    2.140   0.185   0.597 -19.943  -0.093  -1.355   1.955
 1990.458    0.120   0.603   1.520 -19.995  -0.086  -1.816  -0.483
 1990.542    2.550  -0.850   0.327 -20.048  -0.101  -2.007   3.400
 1990.625    0.450  -2.006  -0.789 -20.100  -0.088  -2.007   2.456
 1990.708   -1.770   0.416   1.636 -20.160  -0.097  -1.944  -2.186
 1990.792   -0.960  -0.254   0.904 -20.212  -0.148  -1.777  -0.706
 1990.875   -0.680  -3.013  -2.021 -20.271  -0.102  -1.598   2.333
 1990.958   -2.060  -0.823   0.058 -20.323  -0.118  -1.419  -1.237
 1991.042   -1.450  -1.899  -1.251 -20.375  -0.140  -1.112   0.449
 1991.125    0.520  -0.839  -0.250 -20.427  -0.157  -0.985   1.359
 1991.208    1.910  -0.084   0.558 -20.485  -0.178  -0.959   1.994
 1991.292    3.290   1.843   2.637 -20.536  -0.124  -1.112   1.447
 1991.375    4.440  -0.105   0.212 -20.593  -0.141  -0.563   4.545
 1991.458    4.420   0.287   0.212 -20.644  -0.145  -0.115   4.133
 1991.542    5.850   1.089   1.136 -20.694  -0.715   0.384   4.761
 1991.625    4.950   0.126   0.327 -20.745  -1.267   0.831   4.824
 1991.708    4.530   1.422   1.982 -20.801  -1.621   0.882   3.108
 1991.792    5.240  -1.871  -0.866 -20.850  -1.927   0.793   7.111
 1991.875    2.020  -0.153   0.943 -20.905  -2.053   0.882   2.173
 1991.958    1.840  -2.890  -1.675 -20.953  -2.252   1.010   4.730
 1992.042    0.550  -0.163   0.558 -21.002  -1.952   1.253   0.713
 1992.125    1.620  -0.388   0.212 -21.049  -1.924   1.394   2.008
 1992.208    0.610   0.963   1.443 -21.102  -2.084   1.726  -0.353
 1992.292   -0.610   0.656   0.866 -21.149  -1.895   1.854  -1.266
 1992.375   -0.760  -0.483   0.173 -21.200  -1.932   1.496  -0.277
 1992.458   -1.280  -1.292  -0.288 -21.246  -1.863   1.125   0.012
 1992.542   -2.850  -2.751  -1.212 -21.291  -1.777   0.550  -0.099
 1992.625   -4.050  -3.575  -1.328 -21.335  -1.687  -0.205  -0.475
 1992.708   -5.170  -3.557  -0.827 -21.385  -1.621  -0.703  -1.613
 1992.792   -6.860  -4.682  -1.751 -21.428  -1.587  -0.895  -2.178
 1992.875   -6.980  -3.964  -0.943 -21.476  -1.463  -1.061  -3.016
 1992.958   -7.260  -3.360  -0.366 -21.518  -1.293  -1.164  -3.900
 1993.042   -8.050  -3.226  -0.288 -21.559  -1.155  -1.202  -4.824
 1993.125   -8.080  -4.625  -1.828 -21.600  -0.949  -1.228  -3.455
 1993.208   -8.990  -3.358  -0.635 -21.645  -0.842  -1.215  -5.632
 1993.292   -8.610  -3.572  -0.750 -21.684  -0.813  -1.304  -5.038
 1993.375  -10.260  -3.915  -0.904 -21.728  -0.689  -1.573  -6.345
 1993.458   -9.380  -3.666  -0.904 -21.766  -0.824  -1.151  -5.714
 1993.542   -6.250  -3.368  -1.097 -21.803  -0.705  -0.742  -2.882
 1993.625   -6.550  -3.376  -1.251 -21.840  -0.688  -0.575  -3.174
 1993.708   -4.770  -3.916  -1.867 -21.881  -0.688  -0.460  -0.854
 1993.792   -5.260  -4.030  -2.483 -21.916  -0.546  -0.064  -1.230
 1993.875   -4.280  -3.591  -2.367 -21.954  -0.454   0.205  -0.689
 1993.958   -5.360  -2.959  -1.790 -21.987  -0.481   0.320  -2.401
 1994.042   -3.750  -3.358  -2.444 -22.020  -0.474   0.601  -0.392
 1994.125   -0.480  -2.056  -1.482 -22.051  -0.422   0.921   1.576
 1994.208   -3.290  -1.780  -1.328 -22.085  -0.497   1.151  -1.510
 1994.292   -5.710  -2.040  -1.982 -22.115  -0.457   1.534  -3.670
 1994.375   -2.960  -2.241  -2.367 -22.146  -0.420   1.713  -0.719
 1994.458   -1.180  -2.034  -2.367 -22.174  -0.404   1.931   0.854
 1994.542   -0.850  -1.692  -2.367 -22.200  -0.393   2.289   0.842
 1994.625   -1.150  -1.813  -2.290 -22.225  -0.399   2.123   0.663
 1994.708   -0.470  -3.012  -2.791 -22.252  -0.355   1.407   2.542
 1994.792   -2.060  -3.606  -2.521 -22.276  -0.376   0.588   1.546
 1994.875   -5.980  -4.151  -2.098 -22.300  -0.361  -0.371  -1.829
 1994.958   -5.960  -5.208  -2.560 -22.322  -0.385  -0.921  -0.752
 1995.042   -7.350  -4.904  -2.136 -22.342  -0.331  -1.074  -2.446
 1995.125   -7.280  -4.731  -2.175 -22.361  -0.242  -0.933  -2.549
 1995.208   -6.690  -5.048  -2.521 -22.381  -0.178  -0.946  -1.642
 1995.292   -7.510  -5.632  -2.906 -22.399  -0.079  -1.228  -1.878
 1995.375   -8.060  -5.999  -2.752 -22.417  -0.083  -1.726  -2.061
 1995.458   -7.280  -6.206  -2.521 -22.432  -0.135  -2.097  -1.074
 1995.542   -5.150  -6.143  -2.598 -22.447  -0.159  -1.918   0.993
 1995.625   -3.250  -5.872  -2.560 -22.461  -0.143  -1.688   2.622
 1995.708   -3.170  -5.493  -2.637 -22.475  -0.056  -1.304   2.323
 1995.792   -1.360  -5.430  -2.983 -22.487  -0.095  -0.844   4.070
 1995.875   -1.180  -4.588  -2.713 -22.500  -0.048  -0.307   3.408
 1995.958   -1.160  -4.204  -2.829 -22.510  -0.023   0.179   3.044
 1996.042    0.050  -4.004  -2.829 -22.520  -0.030   0.396   4.054
 1996.125    1.420  -3.863  -2.868 -22.529  -0.060   0.614   5.283
 1996.208   -1.690  -3.657  -3.060 -22.538  -0.048   1.010   1.967
 1996.292   -3.810  -3.448  -2.945 -22.546  -0.100   1.164  -0.362
 1996.375   -4.560  -3.209  -2.906 -22.554  -0.110   1.381  -1.351
 1996.458   -3.680  -3.221  -2.868 -22.560  -0.077   1.304  -0.459
 1996.542   -2.750  -2.827  -2.983 -22.565  -0.048   1.790   0.077
 1996.625   -1.450  -2.406  -2.752 -22.570  -0.058   1.995   0.956
 1996.708   -0.970  -2.162  -2.675 -22.575  -0.026   2.135   1.192
 1996.792   -1.060  -2.555  -2.868 -22.579  -0.044   1.956   1.495
 1996.875   -1.380  -3.654  -3.484 -22.582  -0.051   1.483   2.274
 1996.958   -3.860  -3.542  -2.598 -22.584  -0.055   0.716  -0.318
 1997.042   -3.350  -4.087  -2.598 -22.585  -0.049   0.166   0.737
 1997.125   -4.180  -4.716  -2.713 -22.586  -0.088  -0.307   0.536
 1997.208   -4.390  -4.765  -2.598 -22.586  -0.061  -0.499   0.375
 1997.292   -5.110  -5.252  -2.598 -22.585  -0.088  -0.959   0.142
 1997.375   -8.260  -5.585  -2.444 -22.584  -0.066  -1.470  -2.675
 1997.458   -6.980  -6.113  -2.483 -22.581  -0.033  -1.995  -0.867
 1997.542   -8.050  -6.392  -2.521 -22.579  -0.046  -2.225  -1.658
 1997.625   -8.350  -5.815  -2.290 -22.575  -0.050  -1.880  -2.535
 1997.708   -6.470  -6.138  -2.713 -22.570  -0.005  -1.828  -0.332
 1997.792   -2.860  -4.974  -1.713 -22.565  -0.013  -1.662   2.114
 1997.875   -2.780  -4.907  -2.059 -22.559  -0.015  -1.253   2.127
 1997.958   -2.260  -4.162  -1.905 -22.553  -0.057  -0.627   1.902
 1998.042   -1.750  -3.519  -1.598 -22.546  -0.073  -0.281   1.769
 1998.125   -1.380  -3.191  -1.751 -22.539  -0.072   0.192   1.811
 1998.208    0.410  -3.286  -2.136 -22.530  -0.084   0.486   3.696
 1998.292    0.190  -1.975  -1.097 -22.522  -0.090   0.754   2.165
 1998.375    1.440  -2.067  -1.598 -22.512  -0.075   1.138   3.507
 1998.458    2.020  -1.461  -1.251 -22.502  -0.056   1.368   3.481
 1998.542    1.850  -0.430  -0.520 -22.492  -0.047   1.649   2.280
 1998.625    2.050  -0.848  -1.097 -22.482  -0.051   1.803   2.898
 1998.708    1.930  -1.074  -1.136 -22.470  -0.059   1.611   3.004
 1998.792    1.840  -0.245  -0.135 -22.459  -0.050   1.419   2.085
 1998.875    1.620  -1.012  -0.443 -22.446  -0.088   0.985   2.632
 1998.958   -1.860  -1.297  -0.019 -22.434  -0.054   0.230  -0.563
 1999.042   -4.750  -1.488   0.404 -22.422  -0.104  -0.345  -3.262
 1999.125   -4.180  -2.609  -0.520 -22.409  -0.135  -0.524  -1.571
 1999.208   -3.190  -2.363  -0.096 -22.395  -0.109  -0.742  -0.827
 1999.292   -2.010  -3.222  -0.481 -22.382  -0.073  -1.266   1.212
 1999.375   -1.160  -3.126   0.019 -22.367  -0.019  -1.739   1.966
 1999.458   -0.980  -3.396   0.096 -22.353  -0.073  -2.046   2.416
 1999.542   -1.250  -3.305   0.212 -22.340  -0.060  -2.097   2.055
 1999.625   -0.950  -2.983   0.366 -22.326  -0.033  -1.969   2.033
 1999.708    0.230  -2.342   0.789 -22.310  -0.048  -1.752   2.572
 1999.792    1.340  -3.332  -0.558 -22.296  -0.000  -1.458   4.672
 1999.875    1.920  -2.588  -0.096 -22.279  -0.105  -1.087   4.508
 1999.958   -0.060  -2.280  -0.019 -22.264  -0.055  -0.921   2.220
 2000.042    0.150  -0.720   1.328 -22.249  -0.100  -0.678   0.870
 2000.125    0.420  -0.974   0.982 -22.234  -0.126  -0.575   1.394
 2000.208   -0.190  -1.586   0.404 -22.217  -0.126  -0.627   1.396
 2000.292   -0.310  -0.838   1.059 -22.201  -0.138  -0.537   0.528
 2000.375   -1.160  -1.511  -0.058 -22.183  -0.108  -0.141   0.351
 2000.458   -1.280  -0.717   0.288 -22.167  -0.099   0.281  -0.563
 2000.542   -1.550   0.191   0.789 -22.151  -0.104   0.678  -1.741
 2000.625   -0.650   1.923   2.290 -22.134  -0.108   0.895  -2.573
 2000.708    0.630   0.368   0.597 -22.115  -0.129   1.036   0.262
 2000.792   -1.360   2.038   2.290 -22.099  -0.130   0.997  -3.398
 2000.875   -1.680   1.948   2.059 -22.080  -0.124   1.112  -3.628
 2000.958   -0.460   2.137   2.213 -22.063  -0.105   1.112  -2.597
 2001.042    0.150   1.744   1.559 -22.046  -0.117   1.368  -1.594
 2001.125   -2.180   2.058   1.828 -22.029  -0.166   1.445  -4.238
 2001.208   -0.790   0.660   0.135 -22.010  -0.106   1.662  -1.450
 2001.292    0.590   1.086   0.366 -21.993  -0.069   1.803  -0.496
 2001.375   -0.560   1.452   0.558 -21.974  -0.068   1.956  -2.012
 2001.458   -0.380   1.388   0.520 -21.958  -0.084   1.931  -1.768
 2001.542   -0.650   2.107   1.328 -21.941  -0.113   1.854  -2.757
 2001.625   -1.150   0.783   0.288 -21.924  -0.120   1.560  -1.933
 2001.708   -0.570  -0.397  -0.288 -21.906  -0.102   0.921  -0.173
 2001.792    1.340   1.261   1.675 -21.889  -0.156   0.652   0.079
 2001.875    2.320  -0.466   0.558 -21.871  -0.132  -0.000   2.786
 2001.958    1.740   0.572   1.982 -21.854  -0.075  -0.460   1.168
 2002.042   -0.950   1.991   3.637 -21.837  -0.097  -0.690  -2.941
 2002.125   -1.980   1.179   3.099 -21.821  -0.145  -0.933  -3.159
 2002.208    0.310   0.537   2.444 -21.802  -0.087  -0.997  -0.227
 2002.292    0.690  -1.250   1.059 -21.785  -0.046  -1.458   1.940
 2002.375    0.940  -1.398   1.059 -21.766  -0.033  -1.637   2.338
 2002.458    1.020  -1.451   1.212 -21.749  -0.039  -1.854   2.471
 2002.542    0.250  -3.355  -0.789 -21.732  -0.062  -1.752   3.605
 2002.625    0.350  -2.872  -0.250 -21.715  -0.083  -1.803   3.222
 2002.708   -1.070  -1.993   0.327 -21.696  -0.108  -1.496   0.923
 2002.792    1.340  -1.469   0.597 -21.678  -0.088  -1.279   2.809
 2002.875    2.020  -1.296   0.288 -21.659  -0.035  -0.869   3.316
 2002.958    2.940   0.591   1.559 -21.642  -0.050  -0.256   2.349
 2003.042    1.950   0.073   0.866 -21.624  -0.097  -0.051   1.877
 2003.125    3.320  -0.026   0.674 -21.607  -0.123   0.051   3.346
 2003.208    2.910  -1.103  -0.674 -21.587  -0.141   0.320   4.013
 2003.292    1.890  -0.439  -0.597 -21.570  -0.147   0.895   2.329
 2003.375    0.440  -0.189  -0.750 -21.550  -0.147   1.279   0.629
 2003.458    0.620  -0.418  -1.097 -21.533  -0.148   1.381   1.038
 2003.542    0.750   0.494  -0.520 -21.516  -0.151   1.701   0.256
 2003.625    0.950   0.786  -0.404 -21.498  -0.158   1.867   0.164
 2003.708    0.930   1.053  -0.058 -21.479  -0.168   1.777  -0.123
 2003.792   -1.760  -2.142  -3.137 -21.461  -0.160   1.637   0.382
 2003.875   -1.580   0.186  -0.674 -21.442  -0.135   1.458  -1.766
 2003.958   -2.960  -0.051  -0.327 -21.425  -0.161   0.882  -2.909
 2004.042   -5.350  -1.278  -1.059 -21.408  -0.098   0.307  -4.072
 2004.125   -3.880  -2.007  -1.097 -21.390  -0.128  -0.371  -1.873
 2004.208   -4.190  -2.045  -0.943 -21.371  -0.109  -0.601  -2.145
 2004.292   -3.410  -2.345  -0.789 -21.354  -0.095  -1.087  -1.065
 2004.375   -3.560  -3.281  -1.328 -21.335  -0.076  -1.522  -0.279
 2004.458   -3.780  -3.476  -1.366 -21.318  -0.084  -1.688  -0.304
 2004.542   -4.150  -4.518  -2.367 -21.301  -0.090  -1.739   0.368
 2004.625   -4.550  -3.837  -1.828 -21.284  -0.093  -1.611  -0.713
 2004.708   -4.870  -2.777  -1.059 -21.265  -0.103  -1.330  -2.093
 2004.792   -5.160  -2.641  -0.982 -21.248  -0.100  -1.291  -2.519
 2004.875   -3.880  -2.615  -1.405 -21.229  -0.104  -0.857  -1.265
 2004.958   -1.960  -1.694  -0.827 -21.212  -0.084  -0.550  -0.266
 2005.042   -0.150  -2.719  -2.252 -21.195  -0.098  -0.153   2.569
 2005.125   -1.580  -2.052  -1.713 -21.178  -0.128  -0.013   0.472
 2005.208   -3.690  -2.104  -1.828 -21.159  -0.109   0.013  -1.586
 2005.292   -5.110  -1.473  -1.905 -21.142  -0.095   0.690  -3.637
 2005.375   -3.460  -0.835  -2.021 -21.123  -0.076   1.407  -2.625
 2005.458   -2.280  -0.711  -2.175 -21.107  -0.084   1.675  -1.569
 2005.542   -1.550  -0.367  -1.982 -21.090  -0.090   1.816  -1.183
 2005.625   -1.250   0.095  -1.713 -21.073  -0.093   1.995  -1.345
 2005.708   -2.370  -0.064  -2.213 -21.054  -0.103   2.327  -2.306
 2005.792   -3.460   0.495  -1.867 -21.037  -0.100   2.519  -3.955
 2005.875   -4.580   0.240  -2.290 -21.018  -0.104   2.672  -4.820
 2005.958   -1.560   0.175  -2.021 -21.000  -0.084   2.302  -1.735
 2006.042   -5.750  -0.166  -1.828 -20.983  -0.098   1.765  -5.584
 2006.125   -6.980  -0.997  -1.944 -20.965  -0.128   1.061  -5.983
 2006.208   -5.190  -2.314  -2.252 -20.945  -0.109   0.013  -2.876
 2006.292   -5.010  -2.741  -2.175 -20.927  -0.095  -0.524  -2.269
 2006.375   -5.160  -2.995  -1.751 -20.906  -0.076  -1.240  -2.165
 2006.458   -4.480  -3.753  -2.098 -20.888  -0.084  -1.662  -0.727
 2006.542   -5.550  -3.932  -2.136 -20.869  -0.090  -1.816  -1.618
 2006.625   -5.150  -4.340  -2.560 -20.850  -0.093  -1.816  -0.810
 2006.708   -5.870  -3.649  -2.059 -20.829  -0.103  -1.637  -2.221
 2006.792   -6.360  -3.639  -2.098 -20.810  -0.100  -1.611  -2.721
 2006.875   -3.080  -3.969  -2.598 -20.788  -0.104  -1.458   0.889
 2006.958   -4.960  -3.393  -2.560 -20.769  -0.084  -0.959  -1.567
 2007.042   -4.050  -2.863  -2.521 -20.749  -0.098  -0.473  -1.187
 2007.125   -3.680  -2.797  -2.560 -20.730  -0.128  -0.358  -0.883
 2007.208   -2.690  -2.397  -2.406 -20.708  -0.109  -0.153  -0.293
 2007.292   -2.210  -1.789  -2.521 -20.689  -0.095   0.537  -0.421
 2007.375   -3.860  -1.097  -2.637 -20.668  -0.076   1.304  -2.763
 2007.458   -1.780  -0.368  -2.367 -20.648  -0.084   1.752  -1.412
 2007.542   -0.250  -0.254  -2.406 -20.629  -0.090   1.892   0.004
 2007.625   -0.250   0.069  -2.367 -20.611  -0.093   2.161  -0.319
 2007.708   -2.470   0.118  -2.521 -20.589  -0.103   2.353  -2.588
 2007.792   -2.860   0.409  -2.444 -20.571  -0.100   2.545  -3.269
 2007.875   -0.880   0.080  -2.713 -20.549  -0.104   2.468  -0.960
 2007.958   -1.360  -0.546  -2.637 -20.530  -0.084   1.726  -0.814
 2008.042   -3.650  -1.065  -2.521 -20.512  -0.098   1.087  -2.585
 2008.125   -6.280  -1.702  -2.444 -20.493  -0.128   0.384  -4.578
 2008.208   -6.990  -2.570  -2.713 -20.471  -0.109  -0.256  -4.420
 2008.292   -5.110  -2.792  -2.560 -20.452  -0.095  -0.665  -2.318
 2008.375   -4.360  -3.417  -2.521 -20.430  -0.076  -1.368  -0.943
 2008.458   -4.780  -4.096  -2.713 -20.411  -0.084  -1.867  -0.684
 2008.542   -5.150  -4.300  -2.713 -20.392  -0.090  -2.084  -0.850
 2008.625   -5.050  -4.144  -2.752 -20.372  -0.093  -1.905  -0.906
 2008.708   -5.070  -4.004  -2.752 -20.350  -0.103  -1.777  -1.066
 2008.792   -5.460  -3.763  -2.675 -20.331  -0.100  -1.637  -1.697
 2008.875   -3.480  -3.348  -2.560 -20.308  -0.104  -1.355  -0.132
 2008.958   -3.660  -3.424  -2.637 -20.289  -0.084  -1.394  -0.236
 2009.042   -4.650  -3.496  -2.791 -20.269  -0.098  -1.317  -1.154
 2009.125   -5.980  -3.390  -2.598 -20.249  -0.128  -1.394  -2.590
 2009.208   -2.890  -3.400  -2.829 -20.227  -0.109  -1.215   0.510
 2009.292   -2.810  -3.213  -2.945 -20.207  -0.095  -0.946   0.403
 2009.375   -3.260  -2.251  -2.637 -20.185  -0.076  -0.332  -1.009
 2009.458   -1.780  -1.919  -2.752 -20.165  -0.084   0.102   0.139
 2009.542   -0.850  -1.587  -2.906 -20.145  -0.090   0.575   0.737
 2009.625    0.050  -1.263  -2.829 -20.125  -0.093   0.806   1.313
 2009.708    0.030  -1.071  -2.713 -20.103  -0.103   0.869   1.101
 2009.792   -1.460  -1.175  -2.713 -20.083  -0.100   0.742  -0.285
 2009.875   -0.580  -0.633  -2.483 -20.061  -0.104   1.036   0.053
 2009.958    1.740  -0.389  -2.560 -20.041  -0.084   1.317   2.129
 2010.042    2.850   0.040  -2.290 -20.021  -0.098   1.470   2.810
 2010.125    2.120   0.837  -1.675 -20.002  -0.128   1.662   1.283
 2010.208    2.610   0.813  -2.098 -19.980  -0.109   2.020   1.797
 2010.292    4.590   1.590  -1.790 -19.960  -0.095   2.455   3.000
 2010.375    3.740   1.553  -1.982 -19.938  -0.076   2.570   2.187
 2010.458    0.820   0.822  -2.290 -19.918  -0.084   2.135  -0.002
 2010.542    0.550  -0.557  -1.867 -19.899  -0.090   0.320   1.107
 2010.625    0.050  -1.743  -1.905 -19.879  -0.093  -0.844   1.793
 2010.708    0.030  -1.986  -1.751 -19.858  -0.103  -1.253   2.016
 2010.792    0.540  -2.552  -1.982 -19.838  -0.100  -1.611   3.092
 2010.875    3.120  -2.329  -1.713 -19.816  -0.104  -1.675   5.449
 2010.958    2.640  -2.291  -1.944 -19.797  -0.084  -1.445   4.931
 2011.042    1.650  -1.850  -1.790 -19.777  -0.098  -1.164   3.500
 2011.125    1.420  -2.001  -1.944 -19.758  -0.128  -1.151   3.421
 2011.208    0.710  -1.922  -1.944 -19.736  -0.109  -1.112   2.632
 2011.292   -2.710  -0.618  -0.674 -19.717  -0.095  -1.112  -2.092
 2011.375   -3.660  -0.680  -0.674 -19.695  -0.076  -1.215  -2.980
 2011.458   -2.980  -0.400  -0.750 -19.676  -0.084  -0.869  -2.580
 2011.542   -1.350  -0.721  -1.212 -19.656  -0.090  -0.742  -0.629
 2011.625   -1.050  -1.039  -1.636 -19.637  -0.093  -0.652  -0.011
 2011.708   -2.270  -0.784  -1.713 -19.615  -0.103  -0.332  -1.486
 2011.792   -1.260   0.136  -0.982 -19.595  -0.100  -0.166  -1.396
 2011.875   -0.080   1.524  -0.327 -19.574  -0.104   0.550  -1.604
 2011.958   -1.560   3.010   0.288 -19.554  -0.084   1.381  -4.570
